T 0 0 0 0.000000e+00 5.280156e-04 -1.201590e-01 -1.072674e-01 6.501692e-02 -3.601937e+00
T 0 0 1 -6.399306e-02 4.996605e-04 1.384104e+00 7.679759e-02 -2.648748e+00 4.213555e+01
T 0 0 3 -2.885330e+00 0.000000e+00 0.000000e+00 0.000000e+00 2.158626e+03
T 0 0 4 -2.352096e-01 8.738456e+02
T 0 1 0 7.760975e-02 -1.457438e-01 -2.525871e+00 0.000000e+00 0.000000e+00 -4.109983e+01
T 0 1 1 -3.071951e+00 -1.372242e+01 0.000000e+00 0.000000e+00 -2.999613e+01 1.422039e+03
T 0 1 2 5.742992e+01 0.000000e+00 -2.489371e+02 2.123881e+01
T 0 1 4 0.000000e+00 -1.240542e+05
T 0 1 5 0.000000e+00 2.365011e+03
T 0 2 0 2.101310e+00 5.671299e-02 -9.562896e+01 -8.763998e+01 1.813700e+02
T 0 2 1 -2.860569e+01 -8.871171e+01 3.593498e+00 -3.754466e+03 2.323953e+03
T 0 2 2 2.766901e+03 0.000000e+00 8.525845e+01 -9.934675e+04
T 0 2 3 4.978348e+01 -3.569907e+04
T 0 3 1 0.000000e+00 0.000000e+00 6.589712e+03
T 0 4 0 0.000000e+00 0.000000e+00 0.000000e+00 -2.476728e+05
T 0 4 1 0.000000e+00 -8.409358e+04
T 1 0 0 -2.560146e+00 7.012173e-01 -3.754508e+00 8.868754e+00 0.000000e+00 -8.347866e+01
T 1 0 1 3.488777e+01 2.667573e+01 -9.725510e+01 0.000000e+00 0.000000e+00 -4.844986e+02
T 1 0 2 -9.938142e+02 -5.764646e+00
T 1 0 4 2.262900e+01 -2.165700e+04 3.215115e+06
T 1 0 5 0.000000e+00 -7.898549e+07
T 1 1 0 -3.759424e+01 5.101444e+01 -2.838370e+02 4.333354e+00 3.364762e+02 -9.094342e+01
T 1 1 1 1.066822e+02 -2.205487e+02 0.000000e+00 -1.588417e+04 3.356303e+04
T 1 1 2 -4.522483e+04 0.000000e+00 -4.677337e+04
T 1 1 3 0.000000e+00 8.408539e+04 -7.536894e+06
T 1 2 0 -1.188159e+03 1.142652e+01 0.000000e+00 0.000000e+00 -9.118486e+03
T 1 2 1 -3.165397e+02 2.115939e+04
T 1 2 2 0.000000e+00 0.000000e+00 1.605278e+06
T 1 3 1 3.824499e+04 -1.025651e+05 -1.050460e+07
T 1 4 1 0.000000e+00 1.499733e+07
T 2 0 0 -1.202234e+01 2.514307e+01 1.754769e+02 0.000000e+00 0.000000e+00 5.486677e+03
T 2 0 1 8.291854e+02 0.000000e+00 -1.005259e+03
T 2 0 2 -2.177775e+04 -4.692879e+03 4.608323e+04 -4.709701e+05
T 2 0 3 -4.983106e+05 2.525768e+06
T 2 0 4 -4.899832e+06 1.269224e+07
T 2 1 0 -4.753264e+02 1.809263e+02 1.629336e+02
T 2 1 1 2.707321e+04 -4.106855e+04
T 2 1 2 0.000000e+00 0.000000e+00 8.704446e+06
T 2 2 0 -4.865902e+03 2.453884e+04
T 2 2 1 7.835725e+05 -2.035890e+06
T 2 3 0 3.994044e+04 6.920674e+04 -4.715535e+04
T 2 4 0 -7.461720e+05 -1.225141e+07
T 3 0 0 1.271403e+03 0.000000e+00 0.000000e+00 2.456522e+04 -9.462605e+04
T 3 0 1 -8.872573e+04 8.179508e+04 -1.808548e+05 -1.656860e+05
T 3 0 2 0.000000e+00 -3.037133e+06 5.853188e+06
T 3 0 3 1.411513e+05 -2.368337e+08
T 3 1 0 3.698460e+04 0.000000e+00 5.292616e+03
T 3 1 1 -1.161258e+06 2.003581e+06 -3.031670e+07
T 4 0 0 5.521688e+03 0.000000e+00 5.799978e+05
T 4 0 1 -3.669990e+05 6.329327e+05 -3.950295e+07
T 4 0 2 0.000000e+00 -1.081493e+08
T 4 1 0 -4.784381e+04 0.000000e+00 3.402426e+07
T 4 1 1 2.559201e+07 1.633066e+07
T 4 2 0 0.000000e+00 7.329990e+07
T 5 0 0 0.000000e+00 1.853294e+06 2.987576e+07
